Feature1,Feature2,Correlation
162,162,1.0
161,162,0.053950044755353935
297,162,0.9884014877258696
24,162,-0.13404739965259543
296,162,0.05233537481580397
23,162,-0.008481871331325283
159,162,-0.03996819075942888
21,162,0.17470076386763578
160,162,-0.05010815398964426
204,162,-0.021258891360551112
140,162,-0.01803419121561605
294,162,-0.04522995595428114
3,162,0.04176078869383032
225,162,0.01918912385035998
90,162,0.028148587203757756
511,162,0.022823139340245473
419,162,0.005816728758668627
499,162,0.007257250789183214
500,162,0.0051583878124846485
67,162,-0.013739685205220223
162,161,0.053950044755353935
161,161,1.0
297,161,0.05914579018317173
24,161,-0.02259198687735058
296,161,0.9946485928894578
23,161,0.13116167213511598
159,161,0.01983559728819924
21,161,-0.0561552959595506
160,161,0.02814086239210693
204,161,0.012023000790134387
140,161,-0.01708868021519372
294,161,0.01864910327891411
3,161,-0.01005353152399815
225,161,-0.03762970330721054
90,161,-0.0397183148726413
511,161,0.0465755388995448
419,161,0.03881773595753728
499,161,-0.05402267833015174
500,161,0.010345568786827193
67,161,-0.004541708242532036
162,297,0.9884014877258696
161,297,0.05914579018317173
297,297,1.0
24,297,-0.1348193432890426
296,297,0.058127531941166856
23,297,-0.0033438575550546836
159,297,-0.039871710281507086
21,297,0.17324826433413634
160,297,-0.050335598824836264
204,297,-0.022060176942492193
140,297,-0.016725051207770264
294,297,-0.04471498074807135
3,297,0.0419691958349827
225,297,0.02618873993945078
90,297,0.03291548427915413
511,297,0.02050873684611054
419,297,0.010115115243755026
499,297,0.004611860874122725
500,297,0.004990019659077112
67,297,-0.015973687503606185
162,24,-0.13404739965259543
161,24,-0.02259198687735058
297,24,-0.1348193432890426
24,24,1.0
296,24,-0.02397584552216239
23,24,0.030026530776488543
159,24,-0.018114088680206916
21,24,-0.1795006551222593
160,24,0.03782632923821563
204,24,0.009433339734993421
140,24,-0.013018932600236514
294,24,-0.015008258431597766
3,24,-0.04960509302098683
225,24,0.0038700136793286713
90,24,0.03584464001938786
511,24,0.008940896014670406
419,24,-0.008461795795949807
499,24,-0.016048119726940254
500,24,0.001631273776594286
67,24,0.011271679436221258
162,296,0.05233537481580397
161,296,0.9946485928894578
297,296,0.058127531941166856
24,296,-0.02397584552216239
296,296,1.0
23,296,0.13128053187032698
159,296,0.03398514278233252
21,296,-0.043329153365525896
160,296,0.03983421124098101
204,296,0.008907962691949413
140,296,-0.019187666111442007
294,296,0.03430802489809269
3,296,-0.01363591882510716
225,296,-0.035835529173044715
90,296,-0.04002667063409663
511,296,0.04474014093182075
419,296,0.0401407967472385
499,296,-0.05329353764404996
500,296,0.009423205431604768
67,296,-0.007294596345043403
162,23,-0.008481871331325283
161,23,0.13116167213511598
297,23,-0.0033438575550546836
24,23,0.030026530776488543
296,23,0.13128053187032698
23,23,1.0
159,23,0.18680556444966004
21,23,0.15965786258077833
160,23,0.12248746199923048
204,23,-0.030450918951549673
140,23,0.004776854225382449
294,23,0.19216959385132065
3,23,-0.007973109701937419
225,23,-0.0390614447988406
90,23,-0.034757173973014976
511,23,0.001679626387617686
419,23,-0.0002028717963076959
499,23,-0.010762630641221852
500,23,0.04125879123320843
67,23,-0.015535783675539067
162,159,-0.03996819075942888
161,159,0.01983559728819924
297,159,-0.039871710281507086
24,159,-0.018114088680206916
296,159,0.03398514278233252
23,159,0.18680556444966004
159,159,1.0
21,159,0.5376848397853965
160,159,0.5487711288890686
204,159,-0.01430594053010362
140,159,-0.0018400701789958757
294,159,0.9932395425046524
3,159,-0.05119875168974379
225,159,-0.006523969812391955
90,159,-0.02935267461211935
511,159,-0.009562961648705376
419,159,-0.009923549077017946
499,159,0.012745903215717384
500,159,0.010454054360403291
67,159,-0.010408149406853289
162,21,0.17470076386763578
161,21,-0.0561552959595506
297,21,0.17324826433413634
24,21,-0.1795006551222593
296,21,-0.043329153365525896
23,21,0.15965786258077833
159,21,0.5376848397853965
21,21,1.0
160,21,0.34822167444753843
204,21,-0.020294823074669018
140,21,0.008121017079404904
294,21,0.564820642438079
3,21,0.021110887355967733
225,21,0.031184508287263726
90,21,-0.005158648857743773
511,21,-0.013919295012739105
419,21,0.015171560985942257
499,21,0.02757769305730609
500,21,-0.01865774843743094
67,21,-0.02129649078611459
162,160,-0.05010815398964426
161,160,0.02814086239210693
297,160,-0.050335598824836264
24,160,0.03782632923821563
296,160,0.03983421124098101
23,160,0.12248746199923048
159,160,0.5487711288890686
21,160,0.34822167444753843
160,160,1.0
204,160,-0.006694784840198008
140,160,-0.0023074678481915345
294,160,0.5693838665515607
3,160,-0.07674726016501755
225,160,0.014695062139492683
90,160,-0.024061930008561636
511,160,0.00791329769673165
419,160,0.031670422679766344
499,160,-0.0009693339323624082
500,160,-0.012117988492127724
67,160,-0.0075916559821321864
162,204,-0.021258891360551112
161,204,0.012023000790134387
297,204,-0.022060176942492193
24,204,0.009433339734993421
296,204,0.008907962691949413
23,204,-0.030450918951549673
159,204,-0.01430594053010362
21,204,-0.020294823074669018
160,204,-0.006694784840198008
204,204,1.0
140,204,-0.0029085729836575112
294,204,-0.01406150064898276
3,204,0.012983381732763354
225,204,-0.002544897043113263
90,204,-0.0037153024765308224
511,204,0.03378222676857082
419,204,0.014820245298592114
499,204,0.0014708834770861727
500,204,-0.03146673955811402
67,204,0.9022307064188827
162,140,-0.01803419121561605
161,140,-0.01708868021519372
297,140,-0.016725051207770264
24,140,-0.013018932600236514
296,140,-0.019187666111442007
23,140,0.004776854225382449
159,140,-0.0018400701789958757
21,140,0.008121017079404904
160,140,-0.0023074678481915345
204,140,-0.0029085729836575112
140,140,1.0
294,140,-0.003233607520264305
3,140,-0.059719329926401714
225,140,0.012692884470599164
90,140,-0.013722021875772164
511,140,-0.005020465714184595
419,140,-0.00809051998309747
499,140,0.0045072551130244266
500,140,0.004318485140275348
67,140,-0.0026467070138953414
162,294,-0.04522995595428114
161,294,0.01864910327891411
297,294,-0.04471498074807135
24,294,-0.015008258431597766
296,294,0.03430802489809269
23,294,0.19216959385132065
159,294,0.9932395425046524
21,294,0.564820642438079
160,294,0.5693838665515607
204,294,-0.01406150064898276
140,294,-0.003233607520264305
294,294,1.0
3,294,-0.05325828979770938
225,294,-0.003689397238969247
90,294,-0.029598272316171265
511,294,-0.01240540834895902
419,294,-0.004260772362788486
499,294,0.008600290656344428
500,294,0.01406747496923213
67,294,-0.009740931034892203
162,3,0.04176078869383032
161,3,-0.01005353152399815
297,3,0.0419691958349827
24,3,-0.04960509302098683
296,3,-0.01363591882510716
23,3,-0.007973109701937419
159,3,-0.05119875168974379
21,3,0.021110887355967733
160,3,-0.07674726016501755
204,3,0.012983381732763354
140,3,-0.059719329926401714
294,3,-0.05325828979770938
3,3,1.0
225,3,-0.030583519567701358
90,3,-0.007632848001812036
511,3,-0.01961322753377645
419,3,0.03328524538609523
499,3,0.008491535411731076
500,3,0.017704102893458574
67,3,0.009517085492363108
162,225,0.01918912385035998
161,225,-0.03762970330721054
297,225,0.02618873993945078
24,225,0.0038700136793286713
296,225,-0.035835529173044715
23,225,-0.0390614447988406
159,225,-0.006523969812391955
21,225,0.031184508287263726
160,225,0.014695062139492683
204,225,-0.002544897043113263
140,225,0.012692884470599164
294,225,-0.003689397238969247
3,225,-0.030583519567701358
225,225,1.0
90,225,-0.01808142538151066
511,225,0.026486323236949036
419,225,-0.019017988791223794
499,225,-0.010747643337303566
500,225,0.005276710290385704
67,225,-0.006250104779553375
162,90,0.028148587203757756
161,90,-0.0397183148726413
297,90,0.03291548427915413
24,90,0.03584464001938786
296,90,-0.04002667063409663
23,90,-0.034757173973014976
159,90,-0.02935267461211935
21,90,-0.005158648857743773
160,90,-0.024061930008561636
204,90,-0.0037153024765308224
140,90,-0.013722021875772164
294,90,-0.029598272316171265
3,90,-0.007632848001812036
225,90,-0.01808142538151066
90,90,1.0
511,90,0.009205231638151297
419,90,0.03804500935016905
499,90,0.007196594217010686
500,90,-0.034983827165938064
67,90,0.009090273094061033
162,511,0.022823139340245473
161,511,0.0465755388995448
297,511,0.02050873684611054
24,511,0.008940896014670406
296,511,0.04474014093182075
23,511,0.001679626387617686
159,511,-0.009562961648705376
21,511,-0.013919295012739105
160,511,0.00791329769673165
204,511,0.03378222676857082
140,511,-0.005020465714184595
294,511,-0.01240540834895902
3,511,-0.01961322753377645
225,511,0.026486323236949036
90,511,0.009205231638151297
511,511,1.0
419,511,-0.01684137743705525
499,511,0.0318703589789255
500,511,0.016424425258108125
67,511,0.03597517780258298
162,419,0.005816728758668627
161,419,0.03881773595753728
297,419,0.010115115243755026
24,419,-0.008461795795949807
296,419,0.0401407967472385
23,419,-0.0002028717963076959
159,419,-0.009923549077017946
21,419,0.015171560985942257
160,419,0.031670422679766344
204,419,0.014820245298592114
140,419,-0.00809051998309747
294,419,-0.004260772362788486
3,419,0.03328524538609523
225,419,-0.019017988791223794
90,419,0.03804500935016905
511,419,-0.01684137743705525
419,419,1.0
499,419,-0.028080244829747587
500,419,0.027197387111807355
67,419,-0.0029314519799117974
162,499,0.007257250789183214
161,499,-0.05402267833015174
297,499,0.004611860874122725
24,499,-0.016048119726940254
296,499,-0.05329353764404996
23,499,-0.010762630641221852
159,499,0.012745903215717384
21,499,0.02757769305730609
160,499,-0.0009693339323624082
204,499,0.0014708834770861727
140,499,0.0045072551130244266
294,499,0.008600290656344428
3,499,0.008491535411731076
225,499,-0.010747643337303566
90,499,0.007196594217010686
511,499,0.0318703589789255
419,499,-0.028080244829747587
499,499,1.0
500,499,0.01072274807145587
67,499,-0.015427233553073644
162,500,0.0051583878124846485
161,500,0.010345568786827193
297,500,0.004990019659077112
24,500,0.001631273776594286
296,500,0.009423205431604768
23,500,0.04125879123320843
159,500,0.010454054360403291
21,500,-0.01865774843743094
160,500,-0.012117988492127724
204,500,-0.03146673955811402
140,500,0.004318485140275348
294,500,0.01406747496923213
3,500,0.017704102893458574
225,500,0.005276710290385704
90,500,-0.034983827165938064
511,500,0.016424425258108125
419,500,0.027197387111807355
499,500,0.01072274807145587
500,500,1.0
67,500,-0.02549906495073004
162,67,-0.013739685205220223
161,67,-0.004541708242532036
297,67,-0.015973687503606185
24,67,0.011271679436221258
296,67,-0.007294596345043403
23,67,-0.015535783675539067
159,67,-0.010408149406853289
21,67,-0.02129649078611459
160,67,-0.0075916559821321864
204,67,0.9022307064188827
140,67,-0.0026467070138953414
294,67,-0.009740931034892203
3,67,0.009517085492363108
225,67,-0.006250104779553375
90,67,0.009090273094061033
511,67,0.03597517780258298
419,67,-0.0029314519799117974
499,67,-0.015427233553073644
500,67,-0.02549906495073004
67,67,1.0
